# callgrind format
version: 1
creator: callgrind-3.22.0
pid: 129520
cmd:  ./sgemm_bench 1000
part: 1


desc: I1 cache: 
desc: D1 cache: 
desc: LL cache: 

desc: Timerange: Basic block 0 - 103907079
desc: Trigger: Program termination

positions: line
events: Ir
summary: 0


ob=(1) /mnt/d/CPP/projects/2026Spring/project3/sgemm_bench
fl=(1) /mnt/d/CPP/projects/2026Spring/project3/sgemm.c
fn=(384) matmul_improved._omp_fn.0
48 240
+1 20
cob=(4) ???
cfi=(2) ???
cfn=(386) 0x0000000000109220
calls=20 -49 
* 200
* 40
cob=(4)
cfi=(2)
cfn=(390) 0x00000000001091f0
calls=20 -49 
* 120
* 300

ob=(3) /usr/lib/x86_64-linux-gnu/libc.so.6
fl=(46) ./posix/../sysdeps/unix/syscall-template.S
fn=(282) sched_yield
120 146
+2 40

fl=(35) ./stdio-common/./stdio-common/Xprintf_buffer_write.c
fn=(240) __printf_buffer_write
27 60
+1 180
-1 420
+4 200
+2 80
+3 40
fi=(58) ./stdio-common/../string/bits/string_fortified.h
-7 40
fe=(35)
+8 80
fi=(58)
-8 40
fe=(35)
+12 40
fi=(58)
-12 40
cob=(4)
cfi=(2)
cfn=(242) 0x0000000006cab6b0
calls=40 -29 
* 600
fe=(35)
+11 120
-9 80
+2 120
+11 360

fl=(38) ./stdio-common/./stdio-common/_itoa.c
fn=(248) _itoa_word
169 20
+3 80
+2 40
+9 1720
+9 40

fl=(43) ./setjmp/../sysdeps/x86_64/bsd-_setjmp.S
fn=(258) _setjmp
28 20
+2 20
+2 20
cfi=(44) ./setjmp/../sysdeps/x86_64/setjmp.S
cfn=(260) __sigsetjmp
calls=20 -1 
* 700

fl=(55) ./misc/../sysdeps/unix/sysv/linux/x86_64/syscall.S
fn=(350) syscall
29 1
+1 1
+1 1
+1 1
+1 1
+1 1
+1 1
+1 1
+1 1
+1 1
+1 1
+1 1

fl=(40) ./stdio-common/./stdio-common/Xprintf_buffer_done.c
fn=(252) __printf_buffer_done
25 20
+1 60
+5 40
+2 240
+7 20

fl=(41) ./misc/../sysdeps/unix/sysv/linux/setvmaname.c
fn=(254) __set_vma_name
33 140
+2 100
+14 180

ob=(1)
fl=(1)
fn=(384)
48 608
+4 208
-2 16
+3 64
-3 240
+3 6336
+1 768
+2 512
+8 256
-10 1024
+10 256
-10 256
+2 768
+8 6144

ob=(3)
fl=(36) ./string/../sysdeps/x86_64/multiarch/memmove-vec-unaligned-erms.S
fn=(244) __memcpy_avx_unaligned_erms
255 40
+1 40
+6 40
+1 40
+42 40
+1 40
+2 20
+1 20
+2 20
+4 20
+16 20
+1 20
+1 20
+1 20
+1 20
+7 20
+1 20
+1 20
+1 20
+2 20

fl=(21) ./string/../sysdeps/x86_64/multiarch/memset-vec-unaligned-erms.S
fn=(202) __memset_avx2_unaligned_erms
158 19
+1 38
+5 19
+1 19
+1 19
+1 19
+1 19
+69 19
+1 19
+6 19
+1 19
+12 19
+3 19
+1 19
+12 19
+1 19
+13 19
+1 19
+2 19
+3 19
+3 19
+3 19
+1 19
+1 19
+1 19
+1 19
+1 19
+1 38
+3 19
+1 19
+1 19
+1 19
+3 38

fl=(4) ./malloc/./malloc/malloc.c
fn=(90) _int_free_maybe_consolidate
4770 22
+6 4
+22 22
-20 4
+3 3
+3 5

fn=(32) _int_malloc
3846 242
1326 44
+19 132
3887 44
1794 22
3914 44
+63 44
+62 10
+1 3
+20 22
-1 22
-1 22
+1 44
+1 44
-2 44
+12 110
-1 2
+4 2
+1 1
+2 2
+1 3
+2 1
+1 4
+2 4
-10 1
+12 2
+1 2
+2 2
+11 4
+29 1
+1 1
+4 2
+29 2
3980 21
+2 21
-2 21
+2 42
4487 264
4163 2
+1 3
+1 1
-1 1
+57 2
+9 1
-9 2
+9 1
-9 3
+1 1
+1 1
+1 1
+1 1
+6 2
4070 3
4246 2
+11 66
+2 3
+3 1
-3 1
+3 2
+1 22
+71 66
-4 22
+1 22
+1 22
-1 22
+1 22
+1 44
+1 66
+5 88
-99 4
4099 2
4343 66
+3 84
-3 63
+3 84
-3 63
+3 84
-3 42
4443 22
+1 44
+2 44
+3 66
4070 21
-91 126
4460 66
cfn=(34) alloc_perturb
calls=22 1985 
* 88
+1 22
-9 44
+2 44
-1 22
+1 22
-3 22
+3 22
+2 22
-2 88
+2 22
+3 44

fn=(34)
1985 66
+2 22

fn=(198) calloc
3699 38
+10 19
-10 133
+10 152
+8 38
+3 57
+2 38
+3 152
+7 19
+8 19
-7 38
+7 38
+14 57
cfn=(32)
calls=19 +92 
* 2660
+2 133
fi=(5) ./malloc/./malloc/arena.c
153 38
fe=(4)
3769 76
+15 19
+3 76
+9 19
-12 19
+12 38
+3 95
+8 19
+2 38
+2 38
-55 57
+3 38
+78 19
fi=(59) ./malloc/../string/bits/string_fortified.h
59 38
fe=(4)
3837 114
fi=(59)
59 19
cob=(4)
cfi=(2)
cfn=(200) 0x0000000006cab740
calls=19 -59 
* 722
fe=(4)

fn=(84) _mid_memalign.isra.0
3575 7
+6 2
+4 2
1326 2
+19 5
3615 3
+2 2
+21 2
+8 8
+2 4
cfn=(86) _int_memalign
calls=1 5039 
* 368
+1 2
+8 4
+2 5
fi=(5)
153 3
fe=(4)
3659 2
+3 6
-72 3
+8 3
+45 2

fn=(142) realloc
3407 11
+6 2
+4 2
3538 1
3425 1
3538 6
3425 1
cfn=(30) malloc
calls=1 3294 
* 270
-1 2

fn=(88) _int_free_merge_chunk
4665 5
+1 1
-1 3
+5 6
+3 2
+5 3
+3 2
+1 2
+1 2
1992 3
4689 2
+25 2
+6 2
+4 1
+9 1
-1 1
+1 3
+1 2
+2 1
+2 2
+5 1
+1 1
+2 3
+1 1
-45 1
-1 2
+1 6
-1 1
cfn=(90)
calls=1 +69 
* 24
-26 3
-2 2

fn=(86)
5039 8
1326 2
+19 7
5052 2
+20 4
cfn=(32)
calls=1 3846 
* 128
+2 2
-2 1
+2 1
+5 1
-2 1
+2 3
+7 5
+2 4
+5 4
+3 2
+8 10
+2 1
+1 3
+1 1
-1 2
+1 1
cfn=(88)
calls=1 4665 
* 91
+3 9
-2 1
+7 3
+2 2
+1 1
+1 1
+1 2
+2 1
+2 1
-5 1
+4 2
+13 3
cfn=(90)
calls=1 4770 
* 36
+7 9
-11 1
-1 1
+1 2
4714 2
+42 1
+1 3
+1 2

fn=(30)
3294 16
+7 4
1326 4
+19 10
3311 4
+2 8
+3 4
+10 4
+8 16
+2 6
cfn=(32)
calls=2 3846 
* 349
+3 4
+8 8
+4 6
fi=(5)
153 6
fe=(4)
3351 4
+3 12
-36 6

fn=(82) memalign
3543 1
+1 2
+4 1
cfn=(84)
calls=1 +27 
* 435

fl=(51) ./nptl/./nptl/futex-internal.c
fn=(314) __futex_abstimed_wait_cancelable64
138 152
-61 38
+3 38
+3 57
+1 38
-27 38
fi=(52) ./nptl/../sysdeps/nptl/futex-internal.h
+30 38
fe=(51)
-30 38
cfi=(53) ./nptl/./nptl/cancellation.c
cfn=(318) __pthread_enable_asynccancel
calls=19 -26 
* 342

fl=(19) ./misc/../sysdeps/unix/syscall-template.S
fn=(192) mprotect
117 95
+5 19

fl=(26) ./nptl/./nptl/nptl-stack.c
fn=(214) __nptl_stack_list_add
43 19
+1 76
fi=(60) ./nptl/../include/list.h
-1 95
+2 19
+2 19
fe=(26)
+5 19
+1 19

fl=(13) ./nptl/./nptl/pthread_setspecific.c
fn=(68) pthread_setspecific@@GLIBC_2.34
25 8
+7 1
+4 2
+3 5
+2 1
-2 3
+4 3
+3 2
+35 1
+5 1
+1 1
-1 1
-20 1
+24 7

fl=(22) ./nptl/./nptl/pthread_mutex_lock.c
fn=(204) pthread_mutex_lock@@GLIBC_2.2.5
77 42
+3 126
+2 42
+2 84
-7 168
+11 84
+2 69
-46 23
+1 92
+3 92
+46 69
+85 42
+3 42
+2 42
+3 42
-63 42
+66 126
-93 38
+11 76
+4 19
+3 38
-71 19
+1 76
+85 57
+1 38
-83 76

fl=(14) ./nptl/./nptl/pthread_create.c
fn=(182) pthread_create@@GLIBC_2.34
626 304
+6 38
+13 76
-2 19
-2 19
fi=(17) ./nptl/./nptl/allocatestack.c
219 19
cfi=(15) ./misc/../sysdeps/unix/sysv/linux/getpagesize.c
cfn=(184) getpagesize
calls=19 27 
* 114
fi=(16) ./nptl/./nptl-stack.h
61 19
fi=(17)
219 38
fi=(16)
61 19
fi=(17)
219 19
fi=(16)
61 133
fi=(17)
223 19
fi=(16)
61 19
fi=(17)
223 38
+5 57
329 38
+4 38
-4 19
+4 19
+10 114
+4 38
fe=(14)
897 38
+4 247
fi=(17)
347 76
+5 57
+1 19
-2 38
66 76
329 19
74 19
329 38
-1 38
74 57
477 57
+29 95
+26 19
fe=(14)
755 19
fi=(17)
547 19
fe=(14)
674 19
fi=(17)
558 19
-11 19
+11 19
+5 19
-26 19
+21 19
-11 19
fe=(14)
677 19
+12 19
fi=(17)
558 19
fe=(14)
683 19
fi=(17)
542 19
+21 19
fe=(14)
+81 19
fi=(17)
-97 19
fe=(14)
689 19
-6 19
+1 19
+1 19
+4 19
-5 19
fi=(17)
545 19
fe=(14)
688 19
+2 57
+4 19
+1 19
+8 19
-8 57
+5 38
+3 19
-3 19
-11 19
+11 19
+3 38
+5 19
+1 19
-1 19
+1 19
+4 38
+5 38
fi=(61) ./nptl/../sysdeps/x86/nptl/tls-setup.h
22 38
fe=(14)
730 38
+21 38
+4 38
+2 19
+10 19
fi=(56) ./nptl/../sysdeps/unix/sysv/linux/internal-signals.h
81 95
fe=(14)
772 38
fi=(56)
81 38
fe=(14)
780 57
fi=(27) ./nptl/../sysdeps/unix/sysv/linux/internal-sigset.h
34 19
fe=(14)
609 76
836 114
cfn=(218) create_thread
calls=19 236 
* 2223
fi=(56)
89 57
fe=(14)
836 19
fi=(56)
89 57
fe=(14)
843 38
+40 38
+10 38
638 19
fi=(17)
232 57
+1 19
+1 76
+4 38
fe=(14)
791 38
fi=(27)
102 19
+1 19
fi=(17)
-4 76
366 209
cfi=(18) ./misc/../sysdeps/unix/sysv/linux/mmap64.c
cfn=(190) mmap
calls=19 47 
* 494
+3 57
-3 19
+3 19
+5 76
+6 38
+5 38
+1 19
+9 38
170 38
-4 57
+4 19
cfi=(19)
cfn=(192)
calls=19 -53 
* 114
* 76
407 19
+1 19
+21 19
-18 19
-4 19
+9 38
+3 19
+7 19
-18 19
+3 19
+18 19
cob=(4)
cfi=(2)
cfn=(194) 0x0000000006cab700
calls=19 0 
* 143583
* 76
+13 76
+3 133
cfi=(26)
cfn=(214)
calls=19 43 
* 266
+2 114
+7 95
-88 38
fe=(14)

fn=(218)
236 228
+4 95
+4 38
+3 38
+1 38
+42 19
-3 19
+10 19
-10 19
+10 38
-10 171
+10 19
cfi=(28) ./misc/../sysdeps/unix/sysv/linux/clone-internal.c
cfn=(220) __clone_internal
calls=19 97 
* 1121
+1 38
+5 19
+6 38
+12 38
+11 19
+1 209

fn=(224) start_thread
338 220
+7 40
+22 80
+3 20
cfi=(30) ./ctype/./ctype/ctype-info.c
cfn=(226) __ctype_init
calls=20 29 
* 340
+3 60
cfi=(17)
cfn=(228) name_stack_maps
calls=20 587 
* 12500
+4 20
fi=(42) ./nptl/../sysdeps/unix/sysv/linux/rseq-internal.h
32 40
+8 20
fe=(14)
388 100
+17 40
cfi=(43)
cfn=(258)
calls=20 28 
* 760
* 20
+14 20
-14 20
+18 20
-4 20
+4 100
+3 40
+3 40
+2 20
fi=(56)
89 80
fe=(14)
431 20
fi=(56)
89 20
fe=(14)
433 20
+4 40
+10 60
cob=(6) /usr/lib/x86_64-linux-gnu/openblas-pthread/libopenblasp-r0.3.26.so
cfi=(47) ???
cfn=(322) 0x000000000039ca50
calls=1 0 
* 1206
cob=(2) /usr/lib/x86_64-linux-gnu/libgomp.so.1.0.0
cfi=(3) ???
cfn=(264) 0x0000000000022640
calls=19 0 
* 823667236

fl=(45) ./setjmp/./setjmp/sigjmp.c
fn=(262) __sigjmp_save
28 120
+2 40
-1 20
+5 80

fl=(30)
fn=(226)
29 20
+2 140
+2 80
+2 80
+1 20

fl=(48) ./nptl/./nptl/pthread_cond_wait.c
fn=(306) pthread_cond_wait@@GLIBC_2.3.2
625 266
386 19
fi=(49) ./nptl/../include/atomic_wide_counter.h
50 38
fe=(48)
404 19
fi=(49)
50 19
fe=(48)
405 19
+4 19
-5 19
+1 19
+4 19
-5 19
+5 19
+10 19
fi=(62) ./nptl/./nptl/pthread_cond_common.c
186 19
fe=(48)
419 19
fi=(62)
186 38
fe=(48)
419 19
cfi=(25) ./nptl/./nptl/pthread_mutex_unlock.c
cfn=(308) __pthread_mutex_unlock_usercnt
calls=19 48 
* 513
* 19
+1 38
+12 76
+33 57
+4 38
+15 57
+1 57
fi=(49)
30 19
fe=(48)
486 57
+11 19
+4 95
-3 19
-1 19
+3 38
+1 19
-1 19
-1 19
+2 19
cfi=(50) ./nptl/./nptl/cleanup_compat.c
cfn=(312) _pthread_cleanup_push@@GLIBC_2.34
calls=19 25 
* 133
+2 114
cfi=(51)
cfn=(314)
calls=19 138 
* 779

fl=(44)
fn=(260)
31 20
+2 20
+9 20
+1 40
+1 20
+4 20
+1 20
+1 20
+1 20
+1 20
+2 40
+2 20
+1 20
+1 20
+2 40
+2 20
+5 20
+1 20
+17 20
cfi=(45)
cfn=(262)
calls=20 -57 
* 260

fl=(15)
fn=(184)
27 19
+1 76
+2 19

fl=(50)
fn=(312)
25 19
+3 19
+1 19
+1 38
+2 19
+1 19

fl=(31) ./stdio-common/./stdio-common/snprintf.c
fn=(230) snprintf
26 240
+4 20
+1 40
-1 100
+1 20
cfi=(32) ./libio/./libio/vsnprintf.c
cfn=(232) __vsnprintf_internal
calls=20 +62 
* 10760
+4 100

fl=(34) ./string/../sysdeps/x86_64/multiarch/strchr-avx2.S
fn=(238) __strchrnul_avx2
53 40
+2 40
+1 40
+1 40
+1 40
+1 40
+3 40
+1 40
+4 40
+1 40
+1 40
+1 40
+1 40
+1 40
+1 40
+1 40
+13 40
+2 80

fl=(18)
fn=(190)
47 20
+3 40
-3 120
+6 40
+5 120
+2 80
-7 100

fl=(33) ./stdio-common/./stdio-common/vfprintf-internal.c
fn=(234) __printf_buffer
600 240
fi=(63) ./stdio-common/./stdio-common/printf-parse.h
82 20
fe=(33)
600 40
fi=(63)
82 20
fe=(33)
600 20
+27 60
+11 20
-11 20
+11 20
-11 20
+11 40
fi=(63)
82 20
cob=(4)
cfi=(2)
cfn=(236) 0x0000000006cab590
calls=20 -82 
* 420
fe=(33)
653 40
+1 20
fi=(63)
82 40
fe=(33)
654 20
-1 20
cfi=(35)
cfn=(240)
calls=20 27 
* 1020
+2 60
+4 40
+4 160
-32 20
973 20
642 20
973 40
634 20
+71 80
1044 220
705 40
-13 20
+7 20
+6 40
-14 20
-4 20
+18 20
-10 20
+10 20
-7 20
-4 20
+11 40
-19 20
-1 20
+20 20
-12 20
-9 20
-1 20
+22 20
-15 40
1024 20
fi=(63)
82 20
fe=(33)
1018 20
fi=(63)
82 40
cob=(4)
cfi=(2)
cfn=(236)
calls=20 -82 
* 420
fe=(33)
1028 40
+1 20
fi=(63)
82 20
fe=(33)
1029 20
-1 20
cfi=(35)
cfn=(240)
calls=20 27 
* 380
+3 40
784 20
fi=(37) ./stdio-common/./stdio-common/vfprintf-process-arg.c
126 40
+75 20
92 20
+1 20
+1 20
201 40
-65 40
+19 260
cfi=(38)
cfn=(248)
calls=20 +14 
* 1900
+11 40
-11 40
+11 80
-5 160
+25 100
+15 40
-4 60
+2 60
+2 40
+7 20
-2 40
+2 60
+3 40
+13 40
fi=(39) ./stdio-common/../include/printf_buffer.h
-61 40
fi=(37)
+70 40
+3 40
128 40
+8 20
+2 40
fe=(33)
883 20
fi=(37)
66 20
+1 20
+94 20
+9 40
+17 20
+8 20
-8 20
+12 20
-12 20
+8 80
-8 120
+53 80
cfi=(35)
cfn=(240)
calls=20 27 
* 1100
* 20
130 40
+1 160
fi=(39)
+32 40
fe=(33)

fl=(32)
fn=(232)
93 100
fi=(64) ./libio/../include/printf_buffer.h
+31 20
fe=(32)
-31 40
fi=(64)
+31 20
fe=(32)
-31 120
fi=(64)
+44 20
-13 20
+13 20
-10 20
+1 20
fe=(32)
-65 40
+3 20
+30 60
cfi=(33)
cfn=(234)
calls=20 600 
* 9620
-21 60
+1 20
+11 40
cfi=(40)
cfn=(252)
calls=20 -62 
* 380
+11 120

fl=(17)
fn=(228)
587 120
+2 20
+4 20
-4 80
+4 20
+2 40
+5 20
+1 20
-2 20
+2 40
-1 20
+3 60
cfi=(31)
cfn=(230)
calls=20 26 
* 11280
* 80
cfi=(41)
cfn=(254)
calls=20 33 
* 420
+2 180
-2 60

fl=(28)
fn=(220)
97 228
+2 38
-19 57
+26 19
-42 19
-11 19
+11 19
-2 19
-9 19
+11 38
-2 19
+2 76
cfi=(29) ./misc/../sysdeps/unix/sysv/linux/x86_64/clone.S
cfn=(222) clone
calls=19 -12 
* 361
+45 38
+1 152

fl=(29)
fn=(222)
52 19
+2 19
+1 19
+1 19
+3 19
+1 19
+3 19
+2 19
+4 19
+3 19
+1 19
+1 19
+1 19
+1 19
+5 19
+2 39
+1 39
+1 39
+2 19
+8 20
+3 20
+1 20
+1 20
cfi=(14)
cfn=(224)
calls=20 338 
* 823683222

fl=(53)
fn=(318)
31 19
+1 19
+1 38
+4 38
+2 38
+3 76
fi=(54) ./nptl/../nptl/descr.h
439 38
fe=(53)
45 38
+11 38

fl=(25)
fn=(308)
48 19
+3 57
+1 38
-4 57
+9 38
+5 19
+1 38
-24 19
+1 76
+30 19
+2 19
+32 38
-61 76

fn=(212) pthread_mutex_unlock@@GLIBC_2.2.5
367 23
51 69
+1 46
367 69
57 46
+8 23
-3 23
-23 23
+1 92
+30 23
+2 23
369 46
43 92
+31 38
+6 76
+4 57
+3 38

ob=(2)
fl=(3)
fn=(6) 0x00000000000186f0
0 38

fn=(392) omp_get_thread_num
0 80

fn=(454) 0x0000000000024720
0 6

fn=(460) 0x000000000001b500
0 16

fn=(268) 0x0000000000025770
0 8193815

fn=(388) omp_get_num_threads
0 160

fn=(20) 0x00000000000227d0
0 20
cfn=(76) 0x000000000000e530
calls=1 0 
0 1201
0 14
cfn=(100) 0x0000000000024680
calls=1 0 
0 17
0 48
cfn=(26) 0x000000000000e490
calls=1 0 
0 215
0 10
cob=(4)
cfi=(2)
cfn=(44) 0x0000000006c38e70
calls=1 0 
0 1059
0 2

fn=(100)
0 17

fn=(118) 0x000000000001b490
0 380

fn=(264)
0 893
cfn=(268)
calls=19 0 
0 5697828
0 55
cfn=(268)
calls=18 0 
0 2484328
0 76
cob=(1)
cfi=(1)
cfn=(384)
calls=19 48 
0 815247315
0 38
cfn=(400) 0x0000000000025a10
calls=19 0 
0 236649
0 54

fn=(400)
0 239871

fn=(76)
0 10
cob=(4)
cfi=(2)
cfn=(78) 0x0000000006c38b50
calls=1 0 
0 1186
0 5

fn=(136) 0x000000000000e500
0 7
cob=(4)
cfi=(2)
cfn=(138) 0x0000000006c38c40
calls=1 0 
0 1081
0 5

fn=(4) GOMP_parallel
0 13
cfn=(6)
calls=1 0 
0 38
0 3
cfn=(20)
calls=1 0 
0 2586
0 7
cfn=(106) 0x00000000000229f0
calls=1 0 
0 167854
0 2
cob=(1)
cfi=(1)
cfn=(384)
calls=1 48 
0 55742933
0 28
cfn=(400)
calls=1 0 
0 3222
0 5
cfn=(454)
calls=1 0 
0 6
0 1
cfn=(460)
calls=1 0 
0 16
0 33

fn=(106)
0 77
cfn=(118)
calls=1 0 
0 19
0 526
cfn=(118)
calls=19 0 
0 361
0 323
cob=(4)
cfi=(2)
cfn=(178) 0x0000000006c38c70
calls=19 0 
0 153464
0 292
cfn=(268)
calls=1 0 
0 11659
0 21
cfn=(136)
calls=1 0 
0 1093
0 19

fn=(26)
0 7
cob=(4)
cfi=(2)
cfn=(28) 0x0000000006c38b80
calls=1 0 
0 203
0 5

ob=(1)
fl=(1)
fn=(384)
54 11520
+2 7680
+8 3840
-10 15360
+10 3840
-10 3840
+2 11520
+8 178176
-7 2816
+2 3328
-1 512
+6 256
-6 256
fi=(65) /usr/lib/gcc/x86_64-linux-gnu/13/include/avxintrin.h
1329 256
fe=(1)
64 1024
-7 2813184
+2 3324672
-1 511488
+6 255744
-6 255744
fi=(65)
1329 255744
fe=(1)
64 1022976
-6 31488000
+6 15744000
-6 15744000
fi=(65)
1329 15744000
fe=(1)
64 78976000
fi=(57) /usr/lib/gcc/x86_64-linux-gnu/13/include/fmaintrin.h
+1 32000000
fe=(1)
-1 32000000
fi=(57)
+1 96000000
fi=(65)
911 64000000
fe=(1)
64 32000000
fi=(57)
+1 30000000
fe=(1)
-1 30000000
fi=(57)
+1 90000000
fi=(65)
911 60000000
fe=(1)
64 30000000
+17 51000000

ob=(6)
fl=(47)
fn=(330) 0x000000000039b9f0
0 14
cob=(4)
cfi=(2)
cfn=(292) 0x000000000498ec60
calls=1 0 
0 38
0 14
cob=(4)
cfi=(2)
cfn=(328) 0x000000000498bd80
calls=1 0 
0 28
0 10
cob=(4)
cfi=(2)
cfn=(348) 0x0000000004989470
calls=1 0 
0 14
0 11
cob=(4)
cfi=(2)
cfn=(334) 0x0000000004990030
calls=1 0 
0 28
0 2

fn=(284) 0x000000000039caba
cob=(3)
cfi=(46)
cfn=(282)
calls=18 122 
0 54
0 162
cob=(4)
cfi=(2)
cfn=(292)
calls=18 0 
0 684
0 126
cob=(4)
cfi=(2)
cfn=(300) 0x000000000498efa0
calls=18 0 
0 3563
0 54

fn=(322)
0 13
cob=(4)
cfi=(2)
cfn=(324) 0x0000000004990d00
calls=1 0 
0 625
0 100
cob=(4)
cfi=(2)
cfn=(358) 0x000000000498ec00
calls=22 0 
0 176
0 93
cob=(4)
cfi=(2)
cfn=(292)
calls=1 0 
0 38
0 7
cob=(4)
cfi=(2)
cfn=(300)
calls=1 0 
0 151
0 3

fn=(326) blas_memory_alloc
0 21
cob=(4)
cfi=(2)
cfn=(292)
calls=1 0 
0 38
0 7
cob=(4)
cfi=(2)
cfn=(328)
calls=1 0 
0 28
0 2
cob=(4)
cfi=(2)
cfn=(292)
calls=1 0 
0 38
0 191
cob=(4)
cfi=(2)
cfn=(328)
calls=1 0 
0 28
0 25
cfn=(330)
calls=1 0 
0 159
0 11
cob=(4)
cfi=(2)
cfn=(292)
calls=1 0 
0 38

ob=(1)
fl=(1)
fn=(384)
81 19000000
+1 6000000
-1 4000000
-24 96000000
-1 2568192
-5 22528
-1 1168
-2 208
+33 30000000

fn=(0) matmul_improved
47 4
+1 2
-1 1
+1 4
cob=(4)
cfi=(2)
cfn=(2) 0x00000000001091d0
calls=1 -48 
* 55916749

ob=(6)
fl=(47)
fn=(326)
0 7
cob=(4)
cfi=(2)
cfn=(328)
calls=1 0 
0 28
0 2

ob=(5) /usr/lib/x86_64-linux-gnu/ld-linux-x86-64.so.2
fl=(6) ./elf/../sysdeps/x86_64/dl-trampoline.h
fn=(50) _dl_runtime_resolve_xsave
71 5
+5 5
+3 5
+2 5
+10 5
+6 5
+1 5
+1 5
+1 5
+1 5
+1 5
+1 5
+4 5
+1 5
+3 5
+1 5
+2 5
+1 5
+1 5
+1 5
+1 5
+1 5
+2 5
+7 5
+1 5
+1 5
cfi=(7) ./elf/./elf/dl-runtime.c
cfn=(52) _dl_fixup
calls=5 -84 
* 4133
+1 5
+5 5
+1 5
+1 5
+2 5
+1 5
+1 5
+1 5
+1 5
+1 5
+1 5
+2 5
+2 5
+4 5
+2 5

fl=(23) ./string/../sysdeps/x86_64/multiarch/memmove-vec-unaligned-erms.S
fn=(206) mempcpy
197 95
+1 95
+1 95
+1 95
+17 95
+1 95
+2 19
+1 19
+1 19
+2 19
+1 19
+1 19
+2 19
+80 76
+1 76
+2 76
+4 76
+1 76
+1 76
+8 76

fl=(20) ./elf/../elf/dl-tls.c
fn=(196) _dl_allocate_tls
626 190
+1 38
365 19
fi=(66) ./elf/../include/rtld-malloc.h
44 19
fe=(20)
369 19
+1 19
fi=(66)
44 19
cob=(3)
cfi=(4)
cfn=(198)
calls=19 3699 
* 5073
fe=(20)
371 38
+9 19
-6 19
+6 38
534 38
cob=(3)
cfi=(22)
cfn=(204)
calls=19 77 
* 836
+3 57
+12 19
+24 19
-42 19
-1 38
+24 152
+9 285
+1 190
+6 285
+3 95
-2 95
+6 95
-6 95
+2 95
+4 95
-4 285
+3 190
+4 190
+1 380
+2 190
+1 95
+19 380
-19 95
+19 95
-10 95
+10 190
cfi=(23)
cfn=(206)
calls=95 197 
* 1235
* 570
cfi=(24) ./string/../sysdeps/x86_64/multiarch/../multiarch/memset-vec-unaligned-erms.S
cfn=(210) memset
calls=95 132 
* 129618
-49 95
+55 285
-55 380
+6 228
+55 38
cob=(3)
cfi=(25)
cfn=(212)
calls=19 367 
* 703
+3 19
+2 19
+10 152

fl=(24)
fn=(210)
132 95
+1 475
+5 95
+1 95
+3 57
+1 57
244 57
+1 57
+12 57
+3 57
+1 57
+12 57
+1 57
+13 57
+1 57
+2 57
+3 38
+3 76
+3 38
+1 38
+1 38
+1 38
+1 38
+1 38
+1 38
-6 18183
+1 18183
+1 18183
+1 18183
+1 18183
+1 18183
+1 18183
+3 57
+1 57
+1 57
+1 57
+5 57
+34 38
+2 38
+1 38
+39 38
+1 38
+2 38

fl=(7)
fn=(52)
46 55
+2 25
+1 5
+6 5
fi=(67) ./elf/../sysdeps/x86_64/dl-runtime.h
-27 5
fe=(7)
+21 5
+5 5
+1 5
-6 5
+6 10
+1 5
+2 5
-2 5
+2 5
-2 25
+7 10
+4 10
+4 5
-2 5
+2 10
+4 15
+1 20
+1 15
+8 5
-1 5
+1 10
+2 5
+1 5
+7 50
cfi=(8) ./elf/./elf/dl-lookup.c
cfn=(54) _dl_lookup_symbol_x
calls=5 772 
* 3598
* 5
+4 25
+10 50
+15 20
+9 15
+26 15
fi=(12) ./elf/../sysdeps/x86_64/dl-machine.h
+75 5
fe=(7)
-71 40
-63 20

fl=(10) ./string/../sysdeps/x86_64/multiarch/../multiarch/strcmp-sse2.S
fn=(62) strcmp
98 12
+33 12
+1 12
+2 12
+1 12
+21 12
+1 12
+1 9
+1 9
+1 8
+1 8
+1 8
+1 8
+17 8
+1 8
+1 8
+1 8
+1 8
+1 8
+1 8
+5 2
+1 6
+9 2
+1 2
+1 2
+1 2
+1 2
+1 2
+1 2
+1 2
-7 4
+1 4
+1 4
+1 4
+1 4
+1 4
+1 4
+1 4
+1 4
+5 4
+1 4
+1 4
+1 4
+1 4
+1 4
+10 2
+1 2
+1 2
+2 2
+6 2
+1 2
+1 2
+1 2
+1 2
+5 2
+2 2
+1 2
+1 4
+8 2
+1 2
+3 2
+1 2
+1 2
+1 2
+1 2
+1 2
899 1
+1 1
+1 1
+1 1
+1 1
+2 1
+1 1
+1 1
+1 1
+1 1
+1 1
+1 1
+1 1
+4 1
+1 1
+1 1
+6 1
+1 1
+1 2
+4 1
+1 1
+3 1
+1 1
+1 1
+2 1
+1 1
+1 1
+4 1
+1 1
+1 1
+1 1
+1 1
+1 1
1256 3
+1 3
+1 3
+1 3
+1 3
+2 3
+1 3
+1 3
+1 3
+1 3
+1 3
+1 3
+1 1
+4 1
+1 1
+1 1
+6 1
+1 1
+1 2
+4 1
+1 1
+3 1
+1 1
+1 1
+2 1
+1 1
+1 1
+4 1
+1 1
+1 1
+1 1
+1 1
+1 1
2093 4
+2 4
+1 4
+1 4
+1 4
-3 2
+1 2
+1 2
+1 2
+6 12
+6 12
+1 12
+8 12
+1 12

fl=(8)
fn=(54)
772 30
+3 5
-3 15
+3 5
-3 20
fi=(9) ./elf/../sysdeps/generic/dl-new-hash.h
74 5
+3 10
-8 5
+1 10
+10 5
+1 10
-1 29
+1 58
+20 31
-2 31
+6 31
-3 62
+2 31
-30 31
+3 62
fe=(8)
774 5
+1 5
+3 5
-4 5
+1 5
+7 20
+5 5
-2 5
+2 5
-2 5
+6 70
+1 70
cfn=(58) do_lookup_x
calls=5 347 
* 2687
* 15
+28 5
-23 15
+23 5
-23 10
+24 30
+7 5
-7 5
+35 20
+34 20
-20 15
+3 10
-57 5
+76 45
fi=(9)
87 3
+1 3
+1 6
+1 3
fe=(8)

fn=(58)
347 45
+1 5
-1 20
+6 5
-6 5
+65 5
-58 5
+11 5
+50 5
-3 10
+3 10
-50 5
+50 20
-19 75
+8 25
-4 25
+1 25
+3 100
+1 50
+3 25
-3 25
+4 50
+4 50
-2 25
+5 100
+3 175
+99 60
358 50
+3 50
+4 50
+21 50
+4 50
+71 40
fi=(68) ./elf/../sysdeps/generic/ldsodefs.h
139 10
+1 15
fe=(8)
476 10
fi=(11) ./elf/../sysdeps/generic/dl-protected.h
29 20
fe=(8)
483 36
+16 10
+1 5
+22 5
-21 5
+21 35
-99 15
-1 10
+2 10
+2 5
+6 20
-6 5
+6 35
+7 21
-10 60
+2 7
+1 21
-1 7
+1 14
-1 7
+1 7
+1 7
-1 7
+1 7
-1 49
cfn=(60) check_match
calls=7 70 
* 949
+4 21
+3 4
+48 3

fn=(60)
70 105
+3 42
+13 7
-13 7
+13 7
-13 7
+13 21
+3 42
cfi=(10)
cfn=(62)
calls=7 +9 
* 373
* 14
+4 7
+1 14
+2 14
+19 14
+1 56
+2 4
+43 5
+1 56
-84 4
+39 15
cfi=(10)
cfn=(62)
calls=5 -19 
* 125
* 10

ob=(4)
fl=(2)
fn=(178)
0 38
cob=(3)
cfi=(14)
cfn=(182)
calls=19 626 
0 152456
cob=(5)
cfi=(6)
cfn=(50)
calls=1 71 
0 965
0 5

fn=(324)
0 2
cob=(6)
cfi=(47)
cfn=(326)
calls=1 0 
0 623

fn=(348)
0 2
cob=(3)
cfi=(55)
cfn=(350)
calls=1 29 
0 12

fn=(44)
0 2
cob=(3)
cfi=(13)
cfn=(68)
calls=1 25 
0 37
cob=(5)
cfi=(6)
cfn=(50)
calls=1 71 
0 1015
0 5

fn=(78)
0 2
cob=(3)
cfi=(4)
cfn=(82)
calls=1 3543 
0 439
cob=(5)
cfi=(6)
cfn=(50)
calls=1 71 
0 740
0 5

fn=(194)
0 38
cob=(5)
cfi=(20)
cfn=(196)
calls=19 626 
0 143545

fn=(386)
0 40
cob=(2)
cfi=(3)
cfn=(388)
calls=20 0 
0 160

fn=(138)
0 2
cob=(3)
cfi=(4)
cfn=(142)
calls=1 3407 
0 296
cob=(5)
cfi=(6)
cfn=(50)
calls=1 71 
0 778
0 5

fn=(390)
0 40
cob=(2)
cfi=(3)
cfn=(392)
calls=20 0 
0 80

fn=(2)
0 2
cob=(2)
cfi=(3)
cfn=(4)
calls=1 0 
0 55916747

fn=(292)
0 46
cob=(3)
cfi=(22)
cfn=(204)
calls=23 77 
0 828

fn=(334)
0 2
cob=(3)
cfi=(18)
cfn=(190)
calls=1 47 
0 26

fn=(28)
0 2
cob=(3)
cfi=(4)
cfn=(30)
calls=1 3294 
0 201

fn=(200)
0 38
cob=(3)
cfi=(21)
cfn=(202)
calls=19 158 
0 684

fn=(242)
0 80
cob=(3)
cfi=(36)
cfn=(244)
calls=40 255 
0 520

fn=(300)
0 38
cob=(3)
cfi=(48)
cfn=(306)
calls=19 625 
0 2831
cob=(5)
cfi=(6)
cfn=(50)
calls=1 71 
0 840
0 5

fn=(236)
0 80
cob=(3)
cfi=(34)
cfn=(238)
calls=40 53 
0 760

fn=(328)
0 8
cob=(3)
cfi=(25)
cfn=(212)
calls=4 367 
0 104

fn=(358)
0 44
cob=(3)
cfi=(46)
cfn=(282)
calls=22 120 
0 132

totals: 879604765
