# callgrind format
version: 1
creator: callgrind-3.22.0
pid: 138020
cmd:  ./sgemm_bench 1000
part: 1


desc: I1 cache: 32768 B, 64 B, 8-way associative
desc: D1 cache: 49152 B, 64 B, 12-way associative
desc: LL cache: 25165824 B, 64 B, 12-way associative

desc: Timerange: Basic block 0 - 103221196
desc: Trigger: Program termination

positions: line
events: Ir Dr Dw I1mr D1mr D1mw ILmr DLmr DLmw
summary: 0


ob=(6) /usr/lib/x86_64-linux-gnu/ld-linux-x86-64.so.2
fl=(7) ./elf/./elf/dl-runtime.c
fn=(52) _dl_fixup
46 44 0 24 2 0 0 2
+2 20 16 0 0 4 0 0 4
+1 4 4 0 0 1 0 0 1
+6 4
fi=(58) ./elf/../sysdeps/x86_64/dl-runtime.h
-27 4
fe=(7)
+21 4 4
+5 4 4 0 0 1 0 0 1
+1 4 4 0 0 1 0 0 1
-6 4 0 0 1 0 0 1
+6 8
+1 4 4 0 0 4 0 0 4
+2 4 4
-2 4
+2 4
-2 20 0 4 0 0 2 0 0 2
+7 8
+4 8 4 0 0 4 0 0 4
+4 4 4 0 1 1 0 1 1
-2 4
+2 8
+4 12 8 0 0 3 0 0 3
+1 16 4 0 0 1 0 0 1
+1 12 4 0 0 2 0 0 2
+8 4 4
-1 4 0 0 1 0 0 1
+1 8
+2 4 0 4
+1 4
+7 40 8 12 0 1 0 0 1
cfi=(8) ./elf/./elf/dl-lookup.c
cfn=(54) _dl_lookup_symbol_x
calls=4 772 
* 2906 866 302 41 76 23 41 76 23
* 4
+4 20 12 0 1 0 0 1
+10 40 16 4
+15 16 4 0 1 0 0 1
+9 12 4
+26 12 4 0 0 1 0 0 1
fi=(12) ./elf/../sysdeps/x86_64/dl-machine.h
+75 4 0 4
fe=(7)
-71 32 28
-63 16 4 4 1 0 0 1

fl=(23) ./string/../sysdeps/x86_64/multiarch/memmove-vec-unaligned-erms.S
fn=(206) mempcpy
197 95 0 0 1 0 0 1
+1 95
+1 95
+1 95
+17 95
+1 95
+2 19 19 0 0 19 0 0 1
+1 19
+1 19
+2 19 19
+1 19 0 19 0 0 19 0 0 19
+1 19 0 19
+2 19 19
+80 76 0 0 1 0 0 1
+1 76
+2 76
+4 76
+1 76
+1 76
+8 76 76

fl=(10) ./string/../sysdeps/x86_64/multiarch/../multiarch/strcmp-sse2.S
fn=(62) strcmp
98 10 0 0 1 0 0 1
+33 10
+1 10
+2 10
+1 10
+21 10
+1 10
+1 7
+1 7
+1 7 7 0 0 4 0 0 4
+1 7 7 0 1 1 0 1 1
+1 7 7
+1 7 7
+17 7
+1 7
+1 7
+1 7
+1 7
+1 7
+1 7
+5 2
+1 6
+9 2 0 0 1 0 0 1
+1 2
+1 2
+1 2
+1 2
+1 2
+1 2
+1 2
-7 3
+1 3
+1 3
+1 3
+1 3
+1 3
+1 3
+1 3
+1 3
+5 3
+1 3
+1 3
+1 3 3 0 0 1 0 0 1
+1 3
+1 3
+10 2 2 0 1 0 0 1
+1 2
+1 2
+2 2 2 0 0 1 0 0 1
+6 2
+1 2
+1 2
+1 2
+1 2
+5 2
+2 2
+1 2
+1 4
+8 2 2 0 1 0 0 1
+1 2 2
+3 2
+1 2
+1 2
+1 2
+1 2
+1 2
899 1 0 0 1 0 0 1
+1 1 1 0 0 1 0 0 1
+1 1 1
+1 1
+1 1
+2 1
+1 1
+1 1 0 0 1 0 0 1
+1 1
+1 1
+1 1
+1 1
+1 1 1
+4 1
+1 1
+1 1
+6 1
+1 1
+1 2
+4 1 0 0 1 0 0 1
+1 1
+3 1 1
+1 1 1
+1 1
+2 1
+1 1
+1 1
+4 1
+1 1
+1 1
+1 1
+1 1
+1 1 0 0 1 0 0 1
1256 2 0 0 1 0 0 1
+1 2 2
+1 2 2
+1 2
+1 2
+2 2
+1 2
+1 2 0 0 1 0 0 1
+1 2
+1 2
+1 2
+1 2
2093 3
+2 3
+1 3
+1 3
+1 3
-3 2 0 0 1 0 0 1
+1 2
+1 2
+1 2
+6 10 0 0 1 0 0 1
+6 10 10
+1 10 10
+8 10
+1 10 10

fl=(24) ./string/../sysdeps/x86_64/multiarch/../multiarch/memset-vec-unaligned-erms.S
fn=(210) memset
132 95 0 0 1 0 0 1
+1 475
+5 95
+1 95
+3 57
+1 57
244 57 0 57 1 0 57 1 0 57
+1 57 0 57 0 0 19 0 0 19
+12 57
+3 57
+1 57
+12 57 0 57
+1 57 0 57
+13 57
+1 57
+2 57
+3 38
+3 76
+3 38 0 38 1 0 19 1 0 19
+1 38 0 38 0 0 19 0 0 19
+1 38 0 38
+1 38 0 38
+1 38
+1 38
+1 38
-6 18183 0 18183 0 0 18183 0 0 18183
+1 18183 0 18183
+1 18183 0 18183
+1 18183 0 18183
+1 18183
+1 18183
+1 18183
+3 57 0 57 0 0 19 0 0 19
+1 57 0 57
+1 57 0 57
+1 57 0 57
+5 57 57 0 0 19
+34 38
+2 38
+1 38
+39 38 0 38 1 0 0 1
+1 38 0 38
+2 38 38

fl=(8)
fn=(54)
772 24 0 16 1 0 2 1 0 2
+3 4
-3 12 0 8
+3 4
-3 16 0 12 1 0 4 1 0 4
fi=(9) ./elf/../sysdeps/generic/dl-new-hash.h
74 4 4 0 0 4 0 0 4
+3 8
-8 4
+1 8
+10 4 4
+1 8
-1 21 21 0 0 1 0 0 1
+1 42
+20 23
-2 23
+6 23
-3 46
+2 23 0 0 1 0 0 1
-30 23 23 0 0 1 0 0 1
+3 46
fe=(8)
774 4
+1 4
+3 4 0 4 0 0 1 0 0 1
-4 4 0 4
+1 4 0 4
+7 16 4
+5 4 4
-2 4 4
+2 4 4 0 0 1 0 0 1
-2 4 0 0 1 0 0 1
+6 56 0 12
+1 56 28 28 1 0 2 1 0 2
cfn=(58) do_lookup_x
calls=4 347 
* 2202 706 210 32 68 14 32 68 14
* 12 0 0 1 0 0 1
+28 4 4
-23 12 8
+23 4
-23 8
+24 24 4
+7 4 4
-7 4
+35 16 4 0 1 0 0 1
+34 16 4
-20 12 4 0 0 1 0 0 1
+3 8 4
-57 4 0 4
+76 36 28 0 1 0 0 1
fi=(9)
87 2 0 0 1 0 0 1
+1 2
+1 4
+1 2
fe=(8)

fn=(58)
347 36 0 28 2 0 2 2 0 2
+1 4 4 0 0 1 0 0 1
-1 16 8 8 0 0 2 0 0 2
+6 4
-6 4 0 4
+65 4
-58 4 4
+11 4 4
+50 4 0 4
-3 8 0 4
+3 8
-50 4
+50 16 4 4 1 0 0 1
-19 60 20 0 0 3 0 0 3
+8 20 20 0 0 4 0 0 4
-4 20 0 20
+1 20 0 20
+3 80 40 0 0 4 0 0 4
+1 40 40 0 1 2 0 1 2
+3 20 20
-3 20
+4 40
+4 40 40
-2 20 20 0 0 14 0 0 14
+5 80 40
+3 140 20
+99 48
358 40 40 0 1 5 0 1 5
+3 40
+4 40
+21 40 20 0 1 4 0 1 4
+4 40 20 0 0 1 0 0 1
+71 32 24 0 1 0 0 1
fi=(59) ./elf/../sysdeps/generic/ldsodefs.h
139 8 4
+1 12
fe=(8)
476 8 0 0 1 0 0 1
fi=(11) ./elf/../sysdeps/generic/dl-protected.h
29 16
fe=(8)
483 28 4
+16 8 4 4
+1 4 0 4
+22 4
-21 4
+21 28 28
-99 12 4 0 1 0 0 1
-1 8 8 0 0 4 0 0 4
+2 8
+2 4 4
+6 16 4 8 1 0 0 1
-6 4
+6 28 0 20 0 0 3 0 0 3
+7 21
-10 55 11 0 1 4 0 1 4
+2 6
+1 18 6
-1 6 6
+1 12 12 6
-1 6
+1 6 0 6
+1 6
-1 6 0 6
+1 6
-1 42 18 18 1 0 3 1 0 3
cfn=(60) check_match
calls=6 70 
* 791 202 46 19 22 4 19 22 4
+4 18
+3 4 2
+48 3 1 0 1 0 0 1

fn=(60)
70 90 12 36 1 6 4 1 6 4
+3 36 12 0 1 0 0 1
+13 6
-13 6
+13 6
-13 6
+13 18
+3 36 12 6
cfi=(10)
cfn=(62)
calls=6 +9 
* 305 50 0 13 5 0 13 5
* 12 0 0 1 0 0 1
+4 6 6 0 0 1 0 0 1
+1 12
+2 12
+19 12 12 0 0 5 0 0 5
+1 48 18 0 1 2 0 1 2
+2 4 2
+43 4
+1 48 42
-84 4 0 0 1 0 0 1
+39 12 8 4 1 0 0 1
cfi=(10)
cfn=(62)
calls=4 -19 
* 100 28 0 0 3 0 0 3
* 8

fl=(6) ./elf/../sysdeps/x86_64/dl-trampoline.h
fn=(50) _dl_runtime_resolve_xsave
71 4 0 0 1 0 0 1
+5 4 0 4
+3 4
+2 4
+10 4 4 0 0 1 0 0 1
+6 4 0 4 0 0 2 0 0 2
+1 4 0 4
+1 4 0 4 1 0 0 1
+1 4 0 4
+1 4 0 4
+1 4 0 4
+1 4 0 4
+4 4
+1 4
+3 4 0 4 0 0 3 0 0 3
+1 4 0 4
+2 4 0 4
+1 4 0 4
+1 4 0 4 1 0 0 1
+1 4 0 4
+1 4 0 4
+1 4 0 4
+2 4 0 136 0 0 17 0 0 17
+7 4 4
+1 4 4
+1 4 0 4 0 0 2 0 0 2
cfi=(7)
cfn=(52)
calls=4 -84 
* 3334 1014 358 49 100 25 49 100 25
+1 4
+5 4
+1 4
+1 4 144
+2 4 4 0 1 0 0 1
+1 4 4
+1 4 4
+1 4 4
+1 4 4
+1 4 4
+1 4 4
+2 4
+2 4 4
+4 4
+2 4

fl=(20) ./elf/../elf/dl-tls.c
fn=(196) _dl_allocate_tls
626 190 0 133 2 0 1 2 0 1
+1 38
365 19 19
fi=(60) ./elf/../include/rtld-malloc.h
44 19
fe=(20)
369 19
+1 19
fi=(60)
44 19 19 19 0 1 0 0 1
cob=(3) /usr/lib/x86_64-linux-gnu/libc.so.6
cfi=(4) ./malloc/./malloc/malloc.c
cfn=(198) calloc
calls=19 3699 
* 5073 893 646 13 200 140 13 2 104
fe=(20)
371 38
+9 19
-6 19 0 19
+6 38 19 19 1 0 0 1
534 38 19 19
cob=(3)
cfi=(22) ./nptl/./nptl/pthread_mutex_lock.c
cfn=(204) pthread_mutex_lock@@GLIBC_2.2.5
calls=19 77 
* 836 209 114 7 2 0 7 2
+3 57 38
+12 19 19 0 0 1 0 0 1
+24 19 19 0 0 1 0 0 1
-42 19
-1 38
+24 152 19 0 1 1 0 1 1
+9 285 95 0 0 39 0 0 2
+1 190
+6 285 190 0 1 19 0 1
+3 95 95 0 0 95 0 0 5
-2 95
+6 95 95 0 0 19 0 0 1
-6 95
+2 95
+4 95
-4 285 0 95 0 0 38
+3 190
+4 190
+1 380 190 0 2 57 0 1 3
+2 190
+1 95 95
+19 380 95 190
-19 95
+19 95 0 95
-10 95 0 95
+10 190 0 95
cfi=(23)
cfn=(206)
calls=95 197 
* 1235 133 38 2 19 19 2 1 19
* 570 190 95
cfi=(24)
cfn=(210)
calls=95 132 
* 129618 95 73416 4 19 18316 4 0 18316
-49 95 95 0 0 19
+55 285 285 0 0 38
-55 380
+6 228 0 0 2 0 0 2
+55 38 19 19 0 19
cob=(3)
cfi=(25) ./nptl/./nptl/pthread_mutex_unlock.c
cfn=(212) pthread_mutex_unlock@@GLIBC_2.2.5
calls=19 367 
* 703 171 95 4 57 0 4
+3 19 0 19 0 0 10
+2 19 19
+10 152 133 0 0 19

ob=(5) /usr/lib/x86_64-linux-gnu/openblas-pthread/libopenblasp-r0.3.26.so
fl=(47) ???
fn=(292) blas_memory_alloc
0 21 1 10 2 0 0 2
cob=(4) ???
cfi=(2) ???
cfn=(294) 0x000000000498ec60
calls=1 0 
0 38 10 5 1 3 0 1 3
0 7 1 1 1 1 0 1 1
cob=(4)
cfi=(2)
cfn=(296) 0x000000000498bd80
calls=1 0 
0 28 7 4 1 1 0 1 1
0 2 0 1
cob=(4)
cfi=(2)
cfn=(294)
calls=1 0 
0 38 10 5
0 191 19 2 1 18 0 1 18
cob=(4)
cfi=(2)
cfn=(296)
calls=1 0 
0 28 7 4
0 25 12 1 2 1 0 2 1
cfn=(298) 0x000000000039b9f0
calls=1 0 
0 159 30 23 9 2 1 9 2 1
0 11 2 2 2 0 0 2
cob=(4)
cfi=(2)
cfn=(294)
calls=1 0 
0 38 10 5
0 7 1 2
cob=(4)
cfi=(2)
cfn=(296)
calls=1 0 
0 28 7 4
0 2 1

fn=(298)
0 14 0 4 2 0 0 2
cob=(4)
cfi=(2)
cfn=(294)
calls=1 0 
0 38 10 5
0 14 1 4 1 0 1 1 0 1
cob=(4)
cfi=(2)
cfn=(296)
calls=1 0 
0 28 7 4
0 10 0 2
cob=(4)
cfi=(2)
cfn=(316) 0x0000000004989470
calls=1 0 
0 14 3 0 3 1 0 3 1
0 11 4 1 2 0 0 2
cob=(4)
cfi=(2)
cfn=(302) 0x0000000004990030
calls=1 0 
0 28 5 3 1 1 0 1 1
0 2

fn=(330) 0x000000000039caba
0 12 3 3 0 1 0 0 1
cob=(4)
cfi=(2)
cfn=(326) 0x000000000498ec00
calls=3 0 
0 24 6 0 0 1
cob=(3)
cfi=(49) ./posix/../sysdeps/unix/syscall-template.S
cfn=(328) sched_yield
calls=2 122 
0 6 2 0 0 2 0 0 2
0 30 7 2 0 3 0 0 1
cob=(4)
cfi=(2)
cfn=(294)
calls=2 0 
0 76 20 10 0 5 0 0 2
0 14 2 4
cob=(4)
cfi=(2)
cfn=(346) 0x000000000498efa0
calls=2 0 
0 320 58 82 19 8 8 17 7 8
0 6 2 0 1 0 0 1

fn=(288) 0x000000000039ca50
0 13 0 7 1 0 0 1
cob=(4)
cfi=(2)
cfn=(290) 0x0000000004990d00
calls=1 0 
0 625 119 69 20 27 1 20 27 1
0 40 8 9 1 2 0 1 1
cob=(4)
cfi=(2)
cfn=(326)
calls=7 0 
0 56 14 0 2 4 0 2 1
0 33 8 1 1 4 0 1 1
cob=(4)
cfi=(2)
cfn=(294)
calls=1 0 
0 38 10 5 0 4
0 7 1 2
cob=(4)
cfi=(2)
cfn=(346)
calls=1 0 
0 160 29 41 0 4 4 0 1
0 3 1

ob=(4)
fl=(2)
fn=(28) 0x0000000006c38b80
0 2 1 0 1 1 0 1 1
cob=(3)
cfi=(4)
cfn=(30) malloc
calls=1 3294 
0 201 40 20 26 13 6 26 13 6

fn=(78) 0x0000000006c38b50
0 2 1 0 1 0 0 1
cob=(3)
cfi=(4)
cfn=(82) memalign
calls=1 3543 
0 439 90 63 29 2 2 29 2 2
cob=(6)
cfi=(6)
cfn=(50)
calls=1 71 
0 740 276 134 1 14 3 1 14 3
0 5 2 2 1 0 0 1

fn=(194) 0x0000000006cab700
0 38 19 0 1 19 0 1 1
cob=(6)
cfi=(20)
cfn=(196)
calls=19 626 
0 143545 3268 75221 39 625 18524 38 20 18440

fn=(138) 0x0000000006c38c40
0 2 1 0 1 1 0 1 1
cob=(3)
cfi=(4)
cfn=(142) realloc
calls=1 3407 
0 296 60 37 9 1 1 9 1 1
cob=(6)
cfi=(6)
cfn=(50)
calls=1 71 
0 778 276 134 4 12 3 4 12 3
0 5 2 2 1 0 0 1

fn=(302)
0 2 1 0 1 1 0 1 1
cob=(3)
cfi=(18) ./misc/../sysdeps/unix/sysv/linux/mmap64.c
cfn=(190) mmap
calls=1 47 
0 26 4 3

fn=(200) 0x0000000006cab740
0 38 19 0 1 0 0 1
cob=(3)
cfi=(21) ./string/../sysdeps/x86_64/multiarch/memset-vec-unaligned-erms.S
cfn=(202) __memset_avx2_unaligned_erms
calls=19 158 
0 684 38 228 3 19 85 3 1 85

fn=(382) 0x0000000000109220
0 40 20 0 1 17 0 1 1
cob=(2) /usr/lib/x86_64-linux-gnu/libgomp.so.1.0.0
cfi=(3) ???
cfn=(384) omp_get_num_threads
calls=20 0 
0 160 80 0 1 33 0 1

fn=(294)
0 14 7 0 1 3 0 1 1
cob=(3)
cfi=(22)
cfn=(204)
calls=7 77 
0 252 63 35 0 9 0 0 4

fn=(248) 0x0000000006cab6b0
0 80 40 0 1 2 0 1 1
cob=(3)
cfi=(37) ./string/../sysdeps/x86_64/multiarch/memmove-vec-unaligned-erms.S
cfn=(250) __memcpy_avx_unaligned_erms
calls=40 255 
0 520 120 80 2 0 0 2

fn=(386) 0x00000000001091f0
0 40 20 0 0 17
cob=(2)
cfi=(3)
cfn=(388) omp_get_thread_num
calls=20 0 
0 80 60

fn=(290)
0 2 1 0 1 1 0 1 1
cob=(5)
cfi=(47)
cfn=(292)
calls=1 0 
0 623 118 69 19 26 1 19 26 1

fn=(242) 0x0000000006cab590
0 80 40 0 1 2 0 1 1
cob=(3)
cfi=(35) ./string/../sysdeps/x86_64/multiarch/strchr-avx2.S
cfn=(244) __strchrnul_avx2
calls=40 53 
0 760 80 0 2 4 0 2 2

fn=(2) 0x00000000001091d0
0 2 1 0 1 1 0 1 1
cob=(2)
cfi=(3)
cfn=(4) GOMP_parallel
calls=1 0 
0 56064727 80741599 8246219 280 220503 19126 278 8165 18815

fn=(296)
0 8 4 0 1 1 0 1 1
cob=(3)
cfi=(25)
cfn=(212)
calls=4 367 
0 104 24 16

fn=(346)
0 6 3 0 1 3 0 1 1
cob=(3)
cfi=(50) ./nptl/./nptl/pthread_cond_wait.c
cfn=(348) pthread_cond_wait@@GLIBC_2.3.2
calls=3 625 
0 474 84 123 18 9 12 16 7 8

fn=(44) 0x0000000006c38e70
0 2 1 0 1 1 0 1 1
cob=(3)
cfi=(13) ./nptl/./nptl/pthread_setspecific.c
cfn=(68) pthread_setspecific@@GLIBC_2.34
calls=1 25 
0 37 8 8 2 1 2 2 1 2
cob=(6)
cfi=(6)
cfn=(50)
calls=1 71 
0 1015 330 147 46 61 20 46 61 20
0 5 2 2 2 1 0 2 1

fn=(178) 0x0000000006c38c70
0 38 19 0 0 18
cob=(3)
cfi=(14) ./nptl/./nptl/pthread_create.c
cfn=(182) pthread_create@@GLIBC_2.34
calls=19 626 
0 152456 5529 77330 91 1049 18906 89 35 18652
cob=(6)
cfi=(6)
cfn=(50)
calls=1 71 
0 965 320 147 2 14 23 2 14 23
0 5 2 2 1 0 0 1

fn=(316)
0 2 1 0 1 1 0 1 1
cob=(3)
cfi=(48) ./misc/../sysdeps/unix/sysv/linux/x86_64/syscall.S
cfn=(318) syscall
calls=1 29 
0 12 2 0 2 0 0 2

fn=(326)
0 20 10 0 1 2 0 1 1
cob=(3)
cfi=(49)
cfn=(328)
calls=10 120 
0 60 10 0 1 3 0 1

ob=(3)
fl=(52) ./nptl/./nptl/cleanup_compat.c
fn=(354) _pthread_cleanup_push@@GLIBC_2.34
25 3 0 0 2 0 0 1
+3 3 0 3
+1 3 0 3
+1 6 3 3 1 0 0 1
+2 3 0 3
+1 3 3

fl=(46) ./setjmp/./setjmp/sigjmp.c
fn=(268) __sigjmp_save
28 120 0 40
+2 40
-1 20 0 20
+5 80 60

fl=(31) ./ctype/./ctype/ctype-info.c
fn=(232) __ctype_init
29 20 0 0 1 0 0 1
+2 140 100 20 1 6 18 1 3 1
+2 80 40 20
+2 80 40 20
+1 20 20

fl=(21)
fn=(202)
158 19 0 0 1 0 0 1
+1 38
+5 19
+1 19
+1 19
+1 19
+1 19
+69 19 19 0 1 19 0 1 1
+1 19
+6 19 0 19 0 0 9 0 0 9
+1 19 0 19 0 0 10 0 0 10
+12 19
+3 19
+1 19
+12 19 0 19 0 0 9 0 0 9
+1 19 0 19 0 0 10 0 0 10
+13 19
+1 19
+2 19
+3 19
+3 19
+3 19 0 19 1 0 9 1 0 9
+1 19 0 19 0 0 10 0 0 10
+1 19 0 19 0 0 9 0 0 9
+1 19 0 19 0 0 10 0 0 10
+1 19
+1 19
+1 38
+3 19 0 19
+1 19 0 19 0 0 9 0 0 9
+1 19 0 19
+1 19 0 19
+3 38 19

fl=(53) ./nptl/./nptl/futex-internal.c
fn=(356) __futex_abstimed_wait_cancelable64
138 24 0 12 1 0 0 1
-61 6
+3 6
+3 9
+1 6 0 0 1 0 0 1
-27 6 3
fi=(54) ./nptl/../sysdeps/nptl/futex-internal.h
+30 6 0 6 1 0 3 1 0 2
fe=(53)
-30 6 0 6
cfi=(55) ./nptl/./nptl/cancellation.c
cfn=(360) __pthread_enable_asynccancel
calls=3 -26 
* 54 9 3 2 3 0 2 2

fl=(45) ./setjmp/../sysdeps/x86_64/setjmp.S
fn=(266) __sigsetjmp
31 20 0 0 1 0 0 1
+2 20 0 20
+9 20
+1 40 20
+1 20 0 20
+4 20 0 20
+1 20 0 20
+1 20 0 20 0 0 20 0 0 20
+1 20 0 20
+1 20
+2 40 20 0 1 0 0 1
+2 20 0 20
+1 20 20
+1 20
+2 40 20
+2 20 0 20
+5 20 20 0 0 18 0 0 5
+1 20
+17 20 0 0 1 0 0 1
cfi=(46)
cfn=(268)
calls=20 -57 
* 260 60 60

fl=(26) ./nptl/./nptl/nptl-stack.c
fn=(214) __nptl_stack_list_add
43 19 0 0 1 0 0 1
+1 76 19 19 0 19
fi=(61) ./nptl/../include/list.h
-1 95 19 19 0 0 19 0 0 19
+2 19 0 19 1 0 19 1 0 1
+2 19 0 19
fe=(26)
+5 19 0 19
+1 19 19

fl=(22)
fn=(204)
77 26 0 0 1 0 0 1
+3 78 26 0 0 2 0 0 2
+2 26
+2 52 0 0 1 0 0 1
-7 104 0 52
+11 52
+2 21 7 0 0 3 0 0 1
-46 7 7
+1 28 7 0 0 2
+3 28 0 7
+46 21 7
+85 26 26 0 1 3 0 1 2
+3 26 0 26
+2 26 0 26
+3 26
-63 26
+66 78 78
-93 38 0 0 1 0 0 1
+11 76 19 0 1 0 0 1
+4 19 19 0 0 1 0 0 1
+3 38 19
-71 19 19 0 1 0 0 1
+1 76 19
+85 57 19
+1 38 0 19
-83 76 0 19 1 0 0 1

fl=(32) ./stdio-common/./stdio-common/snprintf.c
fn=(236) snprintf
26 240 20 100 3 0 40 3 0 40
+4 20
+1 40
-1 100 0 80 1 0 0 1
+1 20 0 20
cfi=(33) ./libio/./libio/vsnprintf.c
cfn=(238) __vsnprintf_internal
calls=20 +62 
* 10760 2160 1740 50 16 180 50 8 180
+4 100 80

fl=(35)
fn=(244)
53 40 0 0 1 0 0 1
+2 40
+1 40
+1 40
+1 40
+1 40
+3 40
+1 40 0 0 1 0 0 1
+4 40 40 0 0 4 0 0 2
+1 40
+1 40
+1 40
+1 40
+1 40
+1 40
+1 40
+13 40
+2 80 40

fl=(50)
fn=(348)
625 42 3 21 2 3 3 2 2 2
386 3
fi=(51) ./nptl/../include/atomic_wide_counter.h
50 6 3 3
fe=(50)
404 3
fi=(51)
50 3 0 3 0 0 3 0 0 2
fe=(50)
405 3
+4 3
-5 3
+1 3 0 3
+4 3
-5 3 0 3
+5 3 3 3 1 3 0 1 3
+10 3
fi=(62) ./nptl/./nptl/pthread_cond_common.c
186 3
fe=(50)
419 3
fi=(62)
186 6 0 3
fe=(50)
419 3 0 3 0 0 3 0 0 2
cfi=(25)
cfn=(350) __pthread_mutex_unlock_usercnt
calls=3 48 
* 81 18 9 2 0 0 2
* 3
+1 6
+12 12 6
+33 9 0 3 2 0 0 1
+4 6
+15 9 6 3 1 0 0 1
+1 9 3
fi=(51)
30 3 3
fe=(50)
486 9 3 0 1 0 0 1
+11 3 3
+4 15 0 3
-3 3 0 3
-1 3 0 3
+3 6 3 3 1 0 0 1
+1 3 0 3
-1 3 0 3
-1 3 0 3
+2 3 0 3
cfi=(52)
cfn=(354)
calls=3 25 
* 21 6 12 3 0 0 2
+2 18 3 3
cfi=(53)
cfn=(356)
calls=3 138 
* 150 21 27 5 3 3 5 2 2

fl=(34) ./stdio-common/./stdio-common/vfprintf-internal.c
fn=(240) __printf_buffer
600 240 0 120 1 0 0 1
fi=(63) ./stdio-common/./stdio-common/printf-parse.h
82 20
fe=(34)
600 40 0 20 0 0 20 0 0 20
fi=(63)
82 20
fe=(34)
600 20 0 20
+27 60 40 20 1 0 20 1 0 20
+11 20 20
-11 20 20
+11 20 0 20 0 0 20 0 0 20
-11 20 0 20
+11 40 20 20
fi=(63)
82 20 0 20
cob=(4)
cfi=(2)
cfn=(242)
calls=20 -82 
* 420 60 0 3 4 0 3 2
fe=(34)
653 40
+1 20
fi=(63)
82 40 0 20 1 0 0 1
fe=(34)
654 20
-1 20 0 20
cfi=(36) ./stdio-common/./stdio-common/Xprintf_buffer_write.c
cfn=(246) __printf_buffer_write
calls=20 27 
* 1020 280 180 6 2 20 6 1 20
+2 60 20
+4 40 20
+4 160 60 20 1 2 20 1 1 20
-32 20 0 20
973 20
642 20 0 20
973 40 0 20
634 20 0 20
+71 80 20 0 1 0 0 1
1044 220 180 0 1 0 0 1
705 40 0 0 1 0 0 1
-13 20
+7 20 0 20 0 0 20 0 0 20
+6 40
-14 20
-4 20
+18 20
-10 20
+10 20 0 0 1 0 0 1
-7 20 0 20
-4 20 0 20
+11 40 20 0 0 2 0 0 1
-19 20 0 20
-1 20 0 20
+20 20 20 0 0 2 0 0 1
-12 20
-9 20 0 20 1 0 0 1
-1 20 0 20
+22 20
-15 40
1024 20 0 0 1 0 0 1
fi=(63)
82 20
fe=(34)
1018 20 0 20
fi=(63)
82 40 0 20
cob=(4)
cfi=(2)
cfn=(242)
calls=20 -82 
* 420 60 0 0 2 0 0 1
fe=(34)
1028 40
+1 20
fi=(63)
82 20
fe=(34)
1029 20
-1 20 0 20 1 0 0 1
cfi=(36)
cfn=(246)
calls=20 27 
* 380 140 100
+3 40 20
784 20 20 0 1 0 0 1
fi=(38) ./stdio-common/./stdio-common/vfprintf-process-arg.c
126 40 0 0 1 0 0 1
+75 20 20
92 20
+1 20 0 20
+1 20 0 20
201 40 0 20 1 0 0 1
-65 40
+19 260 20 120 1 0 0 1
cfi=(39) ./stdio-common/./stdio-common/_itoa.c
cfn=(254) _itoa_word
calls=20 +14 
* 1900 140 120 4 2 0 4 1
+11 40 40
-11 40 20 20
+11 80 40 20 1 0 0 1
-5 160 40 20
+25 100 0 0 1 0 0 1
+15 40 20
-4 60 20
+2 60 20
+2 40
+7 20 20 0 1 0 0 1
-2 40
+2 60 20
+3 40 20
+13 40
fi=(40) ./stdio-common/../include/printf_buffer.h
-61 40
fi=(38)
+70 40 0 0 1 0 0 1
+3 40 20
128 40 0 0 1 0 0 1
+8 20 0 0 1 0 0 1
+2 40
fe=(34)
883 20 0 0 1 0 0 1
fi=(38)
66 20 0 20 1 0 0 1
+1 20
+94 20 0 20 1 0 0 1
+9 40 0 20 1 0 0 1
+17 20 20 0 1 0 0 1
+8 20
-8 20
+12 20 0 0 1 0 0 1
-12 20
+8 80
-8 120 40 0 1 0 0 1
+53 80 40 20 2 0 0 2
cfi=(36)
cfn=(246)
calls=20 27 
* 1100 280 180
* 20
130 40 0 0 1 0 0 1
+1 160 40 20
fi=(40)
+32 40 0 0 1 0 0 1
fe=(34)

fl=(33)
fn=(238)
93 100 0 20 1 0 0 1
fi=(64) ./libio/../include/printf_buffer.h
+31 20
fe=(33)
-31 40
fi=(64)
+31 20
fe=(33)
-31 120 20 40 1 0 20 1 0 20
fi=(64)
+44 20
-13 20 0 20 0 0 20 0 0 20
+13 20 0 20
-10 20 0 20
+1 20 0 20
fe=(33)
-65 40
+3 20 0 20
+30 60 0 20 1 0 20 1 0 20
cfi=(34)
cfn=(240)
calls=20 600 
* 9620 1900 1520 45 16 120 45 8 120
-21 60 40
+1 20 0 20
+11 40 0 20
cfi=(41) ./stdio-common/./stdio-common/Xprintf_buffer_done.c
cfn=(258) __printf_buffer_done
calls=20 -62 
* 380 100 0 2 0 0 2
+11 120 100

fl=(19) ./misc/../sysdeps/unix/syscall-template.S
fn=(192) mprotect
117 95 0 0 1 0 0 1
+5 19 19

fl=(13)
fn=(68)
25 8 0 5 1 0 0 1
+7 1 1
+4 2
+3 5 1 0 0 1 0 0 1
+2 1
-2 3 0 0 1 0 0 1
+4 3
+3 2
+35 1 0 1 0 0 1 0 0 1
+5 1
+1 1 0 1 0 0 1 0 0 1
-1 1 0 1
-20 1
+24 7 6

fl=(4)
fn=(90) _int_free_maybe_consolidate
4770 22 2 14 1 0 0 1
+6 4
+22 22 18 0 1 0 0 1
-20 4 1
+3 3
+3 5 3 0 2 1 0 2 1

fn=(30)
3294 16 0 8 2 0 1 2 0 1
+7 4 2 0 0 1 0 0 1
1326 4
+19 10
3311 4
+2 8 4 0 1 2 0 1 2
+3 4 2 0 0 1 0 0 1
+10 4 2 0 0 1 0 0 1
+8 16 4 2 1 1 1 1 1 1
+2 6 0 2
cfn=(32) _int_malloc
calls=2 3846 
* 349 63 37 26 7 5 26 7 5
+3 4
+8 8 2 2
+4 6 2
fi=(5) ./malloc/./malloc/arena.c
153 6 0 0 1 0 0 1
fe=(4)
3351 4
+3 12 10
-36 6 2 0 2 1 0 2 1

fn=(198)
3699 38 0 19 1 0 0 1
+10 19
-10 133 0 95
+10 152
+8 38 19 0 1 18 0 1
+3 57 38 0 0 36
+2 38 19
+3 152 38 19 1 18 18 1
+7 19 19 0 0 18
+8 19
-7 38 19 0 0 18
+7 38
+14 57 0 19 1 0 0 1
cfn=(32)
calls=19 +92 
* 2660 475 247 0 73 37 0 1 19
+2 133 19
fi=(5)
153 38 0 0 1 0 0 1
fe=(4)
3769 76 19 19 1 0 0 1
+15 19 19
+3 76
+9 19 19 0 1 0 0 1
-12 19
+12 38
+3 95
+8 19
+2 38
+2 38
-55 57 0 0 1 0 0 1
+3 38 19
+78 19 0 0 1 0 0 1
fi=(65) ./malloc/../string/bits/string_fortified.h
59 38
fe=(4)
3837 114 114
fi=(65)
59 19
cob=(4)
cfi=(2)
cfn=(200)
calls=19 -59 
* 722 57 228 4 19 85 4 1 85
fe=(4)

fn=(32)
3846 242 22 154 2 1 1 2 1 1
1326 44
+19 132
3887 44
1794 22 22 0 1 0 0 1
3914 44
+63 44 0 0 1 0 0 1
+62 10 0 0 1 0 0 1
+1 3 1
+20 22 22 0 1 0 0 1
-1 22
-1 22
+1 44 0 22 0 0 1 0 0 1
+1 44 22
-2 44 22 0 1 18 0 1
+12 110 22 22 0 1 0 0 1
-1 2 0 1
+4 2 1
+1 1
+2 2
+1 3 1 0 1 0 0 1
+2 1 1
+1 4
+2 4 1
-10 1 1
+12 2 1 0 1 0 0 1
+1 2 1
+2 2
+11 4
+29 1 0 1
+1 1 0 1
+4 2
+29 2 0 0 1 0 0 1
3980 21 0 0 1 0 0 1
+2 21 21 0 0 20 0 0 2
-2 21
+2 42
4487 264 198 0 2 0 0 2
4163 2 0 1 1 0 0 1
+1 3
+1 1 1 0 0 1 0 0 1
-1 1
+57 2 1
+9 1 0 1
-9 2
+9 1 1
-9 3 0 1 1 0 0 1
+1 1 0 1
+1 1 0 1
+1 1 0 1
+1 1 0 1
+6 2
4070 3 1
4246 2
+11 66 0 0 1 0 0 1
+2 3
+3 1 1 0 0 1 0 0 1
-3 1
+3 2
+1 22 0 0 1 0 0 1
+71 66
-4 22
+1 22
+1 22
-1 22
+1 22
+1 44 22 0 0 19 0 0 1
+1 66
+5 88 0 0 1 0 0 1
-99 4 1 1 1 0 0 1
4099 2 1 0 1 0 0 1
4343 66 0 0 1 0 0 1
+3 84 21
-3 63
+3 84 21 0 1 0 0 1
-3 63
+3 84 21
-3 42
4443 22 22 0 1 0 0 1
+1 44 22 0 0 1 0 0 1
+2 44 22 0 0 19 0 0 1
+3 66
4070 21 0 0 1 0 0 1
-91 126
4460 66 0 22 0 0 19 0 0 1
cfn=(34) alloc_perturb
calls=22 1985 
* 88 44 0 1 0 0 1
+1 22
-9 44 0 0 1 0 0 1
+2 44
-1 22 0 22
+1 22 0 0 1 0 0 1
-3 22
+3 22
+2 22
-2 88 0 22
+2 22 0 22 0 0 22 0 0 22
+3 44

fn=(84) _mid_memalign.isra.0
3575 7 0 4 1 0 0 1
+6 2
+4 2
1326 2 0 0 1 0 0 1
+19 5
3615 3
+2 2 1
+21 2 1 0 1 0 0 1
+8 8 2 1 1 0 0 1
+2 4 0 1
cfn=(86) _int_memalign
calls=1 5039 
* 368 78 56 20 2 2 20 2 2
+1 2
+8 4 1 1
+2 5 1
fi=(5)
153 3 0 0 1 0 0 1
fe=(4)
3659 2
+3 6 5
-72 3 0 0 1 0 0 1
+8 3
+45 2 0 0 1 0 0 1

fn=(142)
3407 11 0 6 1 0 0 1
+6 2 1
+4 2
3538 1
3425 1
3538 6 6
3425 1
cfn=(30)
calls=1 3294 
* 270 53 31 7 1 1 7 1 1
-1 2 0 0 1 0 0 1

fn=(88) _int_free_merge_chunk
4665 5 0 4 1 0 0 1
+1 1
-1 3 0 2
+5 6 1
+3 2 1 0 1 0 0 1
+5 3 1
+3 2
+1 2
+1 2 1
1992 3 1
4689 2 1 0 1 0 0 1
+25 2 1
+6 2 1
+4 1 0 1
+9 1 1 0 1 0 0 1
-1 1
+1 3
+1 2 1
+2 1 0 1
+2 2
+5 1 0 1
+1 1 0 1
+2 3 0 1
+1 1 0 1 1 0 0 1
-45 1
-1 2
+1 6 6
-1 1
cfn=(90)
calls=1 +69 
* 24 10 7 2 0 0 2
-26 3 1 0 1 0 0 1
-2 2

fn=(34)
1985 66 22 0 1 0 0 1
+2 22 22

fn=(86)
5039 8 0 6 1 0 0 1
1326 2
+19 7 0 0 1 0 0 1
5052 2
+20 4 0 2
cfn=(32)
calls=1 3846 
* 128 23 13 1 1 1 1 1 1
+2 2 1
-2 1
+2 1
+5 1
-2 1
+2 3 0 0 1 0 0 1
+7 5
+2 4
+5 4 1
+3 2
+8 10 0 2 1 0 0 1
+2 1 0 1
+1 3 1
+1 1
-1 2 0 1
+1 1 0 1
cfn=(88)
calls=1 4665 
* 91 27 19 8 0 0 8
+3 9 1 0 1 0 0 1
-2 1
+7 3 1
+2 2
+1 1
+1 1 1
+1 2 0 0 1 0 0 1
+2 1
+2 1 1
-5 1
+4 2
+13 3 0 1 1 0 0 1
cfn=(90)
calls=1 4770 
* 36 14 7 2 1 0 2 1
+7 9 7
-11 1 0 0 1 0 0 1
-1 1
+1 2 0 1
4714 2
+42 1 0 0 1 0 0 1
+1 3 0 1 0 0 1 0 0 1
+1 2 0 1

fn=(82)
3543 1 0 0 1 0 0 1
+1 2 1
+4 1 0 0 1 0 0 1
cfn=(84)
calls=1 +27 
* 435 89 63 27 2 2 27 2 2

fl=(14)
fn=(182)
626 304 19 209 2 0 0 2
+6 38 19
+13 76 19
-2 19 0 19 1 0 0 1
-2 19 19
fi=(17) ./nptl/./nptl/allocatestack.c
219 19 0 19
cfi=(15) ./misc/../sysdeps/unix/sysv/linux/getpagesize.c
cfn=(184) getpagesize
calls=19 27 
* 114 57 0 3 37 0 2 1
fi=(16) ./nptl/./nptl-stack.h
61 19
fi=(17)
219 38
fi=(16)
61 19 19
fi=(17)
219 19
fi=(16)
61 133 38 0 1 19 0 1 1
fi=(17)
223 19
fi=(16)
61 19 0 19
fi=(17)
223 38 0 19
+5 57 19 0 0 1 0 0 1
329 38 19 0 1 1 0 1 1
+4 38 0 19
-4 19 19 0 0 1 0 0 1
+4 19
+10 114 19
+4 38
fe=(14)
897 38 19 0 1 0 0 1
+4 247 209 0 1 38 0 1
fi=(17)
347 76
+5 57 19
+1 19
-2 38
66 76 0 19 1 0 1 1 0 1
329 19
74 19 19
329 38 0 19
-1 38 0 19
74 57
477 57 19 0 1 19 0 1
+29 95 19 0 1 0 0 1
+26 19 0 19
fe=(14)
755 19
fi=(17)
547 19
fe=(14)
674 19 0 19 0 0 19
fi=(17)
558 19 19
-11 19
+11 19
+5 19 19
-26 19 0 19 0 0 19
+21 19
-11 19 0 0 1 0 0 1
fe=(14)
677 19 0 19
+12 19 19 0 0 19
fi=(17)
558 19
fe=(14)
683 19 19
fi=(17)
542 19 0 19
+21 19
fe=(14)
+81 19 19 0 0 19
fi=(17)
-97 19 0 19
fe=(14)
689 19
-6 19 0 19
+1 19 19 0 1 0 0 1
+1 19 0 19 0 0 19 0 0 19
+4 19
-5 19 0 19 0 0 19 0 0 19
fi=(17)
545 19 0 19
fe=(14)
688 19 19 0 0 19
+2 57 19 0 0 19 0 0 1
+4 19 19 0 0 19 0 0 1
+1 19
+8 19 19 0 1 19 0 1 1
-8 57
+5 38
+3 19 0 19
-3 19
-11 19 0 19 0 0 19 0 0 19
+11 19 0 19
+3 38 19 19
+5 19 19 0 1 19 0 1
+1 19 19
-1 19 0 19
+1 19 0 19
+4 38 19 19
+5 38 19 19
fi=(66) ./nptl/../sysdeps/x86/nptl/tls-setup.h
22 38 19 19 0 19 19 0 1 19
fe=(14)
730 38 0 0 1 0 0 1
+21 38 19 0 0 19
+4 38 19 19 0 0 19
+2 19
+10 19 19 19
fi=(30) ./nptl/../sysdeps/unix/sysv/linux/internal-signals.h
81 95
fe=(14)
772 38 0 38 1 0 0 1
fi=(30)
81 38
fe=(14)
780 57 19
fi=(27) ./nptl/../sysdeps/unix/sysv/linux/internal-sigset.h
34 19 0 19
fe=(14)
609 76 19 0 1 0 0 1
836 114 0 19
cfn=(218) create_thread
calls=19 236 
* 2223 665 589 12 60 77 12 3 19
fi=(30)
89 57
fe=(14)
836 19
fi=(30)
89 57
fe=(14)
843 38 0 0 1 0 0 1
+40 38 19
+10 38 0 19
638 19 0 0 1 0 0 1
fi=(17)
232 57 0 19 0 0 19 0 0 1
+1 19 19 0 1 19 0 1 1
+1 76 19 19
+4 38 19
fe=(14)
791 38 19 19 1 0 19 1 0 19
fi=(27)
102 19
+1 19
fi=(17)
-4 76 19 19 2 0 0 2
366 209 19 57
cfi=(18)
cfn=(190)
calls=19 47 
* 494 76 57 3 0 0 3
+3 57 38 0 1 0 0 1
-3 19 0 19
+3 19
+5 76 19 0 0 1 0 0 1
+6 38 19
+5 38 19 0 1 0 0 1
+1 19
+9 38
170 38 38
-4 57 0 38
+4 19 0 19
cfi=(19)
cfn=(192)
calls=19 -53 
* 114 19 0 1 0 0 1
* 76 38 0 1 0 0 1
407 19 19
+1 19 0 19 0 0 19 0 0 19
+21 19
-18 19 0 19
-4 19 0 19
+9 38 0 19 0 0 19 0 0 19
+3 19 0 19 0 0 19 0 0 19
+7 19 0 19 1 0 19 1 0 19
-18 19 0 19
+3 19 0 19
+18 19 0 19
cob=(4)
cfi=(2)
cfn=(194)
calls=19 0 
* 143583 3287 75221 40 644 18524 39 21 18440
* 76 38 0 0 19
+13 76 0 19 1 0 19 1
+3 133 0 76
cfi=(26)
cfn=(214)
calls=19 43 
* 266 57 95 2 19 38 2 0 20
+2 114 57 19 1 0 0 1
+7 95 38
-88 38 0 19 1 0 0 1
fe=(14)

fn=(230) start_thread
338 220 20 120 2 18 20 2 5 20
+7 40 20 0 0 18 0 0 5
+22 80 40 20 1 2 18 1 1 1
+3 20 0 20
cfi=(31)
cfn=(232)
calls=20 29 
* 340 200 60 2 6 18 2 3 1
+3 60 0 20
cfi=(17)
cfn=(234) name_stack_maps
calls=20 587 
* 12500 2700 2180 59 50 280 59 16 280
+4 20 20 0 1 18 0 1 5
fi=(43) ./nptl/../sysdeps/unix/sysv/linux/rseq-internal.h
32 40
+8 20 0 20 0 0 18 0 0 5
fe=(14)
388 100 20
+17 40 0 20
cfi=(44) ./setjmp/../sysdeps/x86_64/bsd-_setjmp.S
cfn=(264) _setjmp
calls=20 28 
* 760 160 220 4 18 20 4 5 20
* 20 0 0 1 0 0 1
+14 20
-14 20
+18 20 20
-4 20 0 20
+4 100 20 20
+3 40
+3 40 0 20
+2 20 20 0 1 0 0 1
fi=(30)
89 80
fe=(14)
431 20
fi=(30)
89 20
fe=(14)
433 20
+4 40 20
+10 60 60 20 1 18 0 1 5
cob=(5)
cfi=(47)
cfn=(288)
calls=1 0 
* 975 190 134 25 45 5 25 31 1
cob=(2)
cfi=(3)
cfn=(270) 0x0000000000022640
calls=19 0 
* 821920895 1181349804 119449756 44 3220726 119 44 179004 21

fn=(218)
236 228 0 114 1 0 0 1
+4 95 38 19 1 0 0 1
+4 38 19 0 1 0 0 1
+3 38 19 19
+1 38
+42 19
-3 19 0 0 1 0 0 1
+10 19
-10 19 0 19
+10 38
-10 171 0 171 1 0 19 1
+10 19 0 19 0 0 19
cfi=(28) ./misc/../sysdeps/unix/sysv/linux/clone-internal.c
cfn=(220) __clone_internal
calls=19 97 
* 1121 399 209 6 57 38 6 3 19
+1 38
+5 19 0 19 0 0 1
+6 38
+12 38 19 0 1 1 0 1
+11 19
+1 209 171 0 0 2

fl=(48)
fn=(318)
29 1 0 0 1 0 0 1
+1 1
+1 1
+1 1
+1 1
+1 1 0 0 1 0 0 1
+1 1
+1 1 1
+1 1
+1 1
+1 1
+1 1 1

fl=(49)
fn=(328)
120 54 0 0 1 0 0 1
+2 12 12 0 0 5 0 0 2

fl=(55)
fn=(360)
31 3 0 0 1 0 0 1
+1 3 3
+1 6 3 0 0 3 0 0 2
+4 6
+2 6
+3 12 0 3
fi=(56) ./nptl/../nptl/descr.h
439 6 0 0 1 0 0 1
fe=(55)
45 6
+11 6 3

fl=(15)
fn=(184)
27 19 0 0 1 0 0 1
+1 76 38 0 2 37 0 1 1
+2 19 19

fl=(36)
fn=(246)
27 60 0 0 1 0 0 1
+1 180 60
-1 420 0 300 0 0 20 0 0 20
+4 200
+2 80 40
+3 40
fi=(67) ./stdio-common/../string/bits/string_fortified.h
-7 40
fe=(36)
+8 80
fi=(67)
-8 40
fe=(36)
+12 40
fi=(67)
-12 40 0 40
cob=(4)
cfi=(2)
cfn=(248)
calls=40 -29 
* 600 160 80 3 2 0 3 1
fe=(36)
+11 120 40 40
-9 80
+2 120 40 0 1 0 0 1
+11 360 360 0 1 0 0 1

fl=(28)
fn=(220)
97 228 0 114 2 0 0 2
+2 38 38 0 0 38 0 0 2
-19 57 19 0 0 19 0 0 1
+26 19 0 19 1 0 0 1
-42 19
-11 19 19
+11 19
-2 19 19
-9 19 19
+11 38
-2 19 19 0 1 0 0 1
+2 76 57 38 0 0 19
cfi=(29) ./misc/../sysdeps/unix/sysv/linux/x86_64/clone.S
cfn=(222) clone
calls=19 -12 
* 361 38 38 2 0 19 2 0 19
+45 38 38
+1 152 133

fl=(29)
fn=(222)
52 19 0 0 1 0 0 1
+2 19
+1 19
+1 19
+3 19
+1 19
+3 19 0 19 0 0 19 0 0 19
+2 19
+4 19 0 19 1 0 0 1
+3 19
+1 19
+1 19
+1 19 19
+1 19
+5 19
+2 39
+1 39
+1 39
+2 19 19
+8 20
+3 20 20 0 0 18 0 0 1
+1 20 20
+1 20 0 20
cfi=(14)
cfn=(230)
calls=20 338 
* 821936650 1181353314 119452650 141 3220919 498 141 179080 349

fl=(25)
fn=(212)
367 23 0 0 1 0 0 1
51 69 23 0 0 19
+1 46 0 0 1 0 0 1
367 69 0 23
57 46
+8 23 0 23
-3 23 0 23
-23 23 23
+1 92 23 0 0 19
+30 23
+2 23
369 46 46
43 92 23 23
+31 38 0 0 1 0 0 1
+6 76 19 0 1 0 0 1
+4 57 38 0 0 19
+3 38 0 19

fn=(350)
48 3 0 0 1 0 0 1
+3 9 3
+1 6
-4 9 0 3
+9 6
+5 3 0 3
+1 6
-24 3 3
+1 12 3 0 1 0 0 1
+30 3
+2 3
+32 6 6
-61 12 3 3

fl=(18)
fn=(190)
47 20 0 0 1 0 0 1
+3 40
-3 120 0 60
+6 40
+5 120 0 0 1 0 0 1
+2 80 80
-7 100 0 0 1 0 0 1

fl=(39)
fn=(254)
169 20 0 0 1 0 0 1
+3 80 0 0 1 0 0 1
+2 40
+9 1720 120 120 2 2 0 2 1
+9 40 20

fl=(44)
fn=(264)
28 20 0 0 1 0 0 1
+2 20
+2 20
cfi=(45)
cfn=(266)
calls=20 -1 
* 700 160 220 3 18 20 3 5 20

fl=(41)
fn=(258)
25 20 0 0 1 0 0 1
+1 60 20
+5 40 40 0 1 0 0 1
+2 240 20
+7 20 20

fl=(42) ./misc/../sysdeps/unix/sysv/linux/setvmaname.c
fn=(260) __set_vma_name
33 140 0 80 2 0 0 2
+2 100 40 20 0 0 20 0 0 20
+14 180 140

fl=(37)
fn=(250)
255 40 0 0 1 0 0 1
+1 40
+6 40
+1 40
+42 40
+1 40
+2 20
+1 20
+2 20
+4 20
+16 20 20
+1 20 20
+1 20 0 20
+1 20 0 20
+1 20 20
+7 20 20 0 1 0 0 1
+1 20 20
+1 20 0 20
+1 20 0 20
+2 20 20

fl=(17)
fn=(234)
587 120 0 80 1 0 20 1 0 20
+2 20 20 0 0 18 0 0 5
+4 20 20
-4 80 40 20 1 0 0 1
+4 20
+2 40
+5 20 20
+1 20
-2 20 20 0 0 16 0 0 3
+2 40
-1 20
+3 60 0 20 0 0 20 0 0 20
cfi=(32)
cfn=(236)
calls=20 26 
* 11280 2260 1940 54 16 220 54 8 220
* 80 0 20
cfi=(42)
cfn=(260)
calls=20 33 
* 420 180 100 2 0 20 2 0 20
+2 180 140
-2 60 0 0 1 0 0 1

ob=(2)
fl=(3)
fn=(100) 0x0000000000024680
0 17 4 7 1 0 2 1 0 2

fn=(118) 0x000000000001b490
0 380 80 260 2 18 79 2 0 70

fn=(270)
0 893 342 399 4 42 43 4 0 2
cfn=(274) 0x0000000000025770
calls=19 0 
0 2846042 406641 21 5 42 0 5
0 47 14 14 0 14
cfn=(274)
calls=14 0 
0 1776068 253750 14 0 1
0 76 38 19 1 36 0 1
cob=(1) /mnt/d/CPP/projects/2026Spring/project3/sgemm_bench
cfi=(1) /mnt/d/CPP/projects/2026Spring/project3/sgemm.c
cfn=(380) matmul_improved._omp_fn.0
calls=19 48 
0 815247315 1180395995 119449133 27 3220503 75 27 179004 19
0 38 0 19
cfn=(394) 0x0000000000025a10
calls=19 0 
0 2050374 293010 137 7 74 1 7
0 42 14 0 0 14

fn=(394)
0 2055710 293779 144 7 80 1 7

fn=(26) 0x000000000000e490
0 7 0 3 1 0 0 1
cob=(4)
cfi=(2)
cfn=(28)
calls=1 0 
0 203 41 20 27 14 6 27 14 6
0 5 3

fn=(76) 0x000000000000e530
0 10 0 3 2 0 0 2
cob=(4)
cfi=(2)
cfn=(78)
calls=1 0 
0 1186 369 199 32 16 5 32 16 5
0 5 3

fn=(4)
0 13 0 6 2 0 1 2 0 1
cfn=(6) 0x00000000000186f0
calls=1 0 
0 38 12 4 4 4 0 4 4
0 3 0 1
cfn=(20) 0x00000000000227d0
calls=1 0 
0 2586 775 431 123 95 50 123 95 50
0 7 0 1
cfn=(106) 0x00000000000229f0
calls=1 0 
0 313720 29226 78418 143 1216 19072 141 66 18764
0 2 0 1
cob=(1)
cfi=(1)
cfn=(380)
calls=1 48 
0 55742933 80710777 8167331 0 219170 3 0 8000
0 28 10 7 3 5 0 3
cfn=(394)
calls=1 0 
0 5336 769 7 0 6
0 5 2 1 0 1
cfn=(450) 0x0000000000024720
calls=1 0 
0 6 2 0 2 1 0 2
0 1 0 1
cfn=(456) 0x000000000001b500
calls=1 0 
0 16 8 4 1 2 0 1
0 33 18 6 2 3 0 2

fn=(136) 0x000000000000e500
0 7 0 3
cob=(4)
cfi=(2)
cfn=(138)
calls=1 0 
0 1081 339 173 15 14 4 15 14 4
0 5 3

fn=(450)
0 6 2 0 2 1 0 2

fn=(456)
0 16 8 4 1 2 0 1

fn=(106)
0 77 20 34 7 2 0 7 2
cfn=(118)
calls=1 0 
0 19 4 13 2 0 4 2 0 4
0 526 180 274 8 36 1 8 0 1
cfn=(118)
calls=19 0 
0 361 76 247 0 18 75 0 0 66
0 323 133 114 1 0 0 1
cob=(4)
cfi=(2)
cfn=(178)
calls=19 0 
0 153464 5870 77479 94 1081 18929 92 49 18675
0 292 83 70 9 63 59 9 1 14
cfn=(274)
calls=1 0 
0 157525 22507 1 0 2
0 21 6 6 5 0 0 5
cfn=(136)
calls=1 0 
0 1093 342 176 15 14 4 15 14 4
0 19 5 4 2 0 0 2

fn=(6)
0 38 12 4 4 4 0 4 4

fn=(274)
0 4779635 682898 36 5 45 0 5

fn=(388)
0 80 60

fn=(20)
0 20 2 7 2 0 0 2
cfn=(76)
calls=1 0 
0 1201 372 202 34 16 5 34 16 5
0 14 1 9 1 0 5 1 0 5
cfn=(100)
calls=1 0 
0 17 4 7 1 0 2 1 0 2
0 48 8 20 5 0 9 5 0 9
cfn=(26)
calls=1 0 
0 215 44 23 28 14 6 28 14 6
0 10 2 6 1 1 1 1 1 1
cob=(4)
cfi=(2)
cfn=(44)
calls=1 0 
0 1059 341 157 51 64 22 51 64 22
0 2 1

fn=(384)
0 160 80 0 1 33 0 1

ob=(1)
fl=(1)
fn=(380)
48 240 20 120 2 17 0 2
+1 20 0 20 0 0 20 0 0 19
cob=(4)
cfi=(2)
cfn=(382)
calls=20 -49 
* 200 100 0 2 50 0 2 1
* 40 0 20
cob=(4)
cfi=(2)
cfn=(386)
calls=20 -49 
* 120 80 0 0 17
* 300 0 0 1 0 0 1
-1 608 80 80 2 15 43 2
+4 208 0 80 1 0 14 1
-2 16
+3 64
-3 240
+3 6336 0 2048 1 0 1 1
+1 768 256 256
+2 512 0 256 1 0 0 1
+8 256 256
-10 1024 0 512
+10 256
-10 256
+2 768
+8 6144 0 1536 2 0 0 2
-10 11520 3840 3840
+2 7680 0 3840
+8 3840 3840
-10 15360 0 7680
+10 3840
-10 3840
+2 11520
+8 178176 8192 59904 2 0 0 2
-7 2816 1024 768 1 0 0 1
+2 3328 768 512 1 0 0 1
-1 512 256
+6 256 256
-6 256
fi=(68) /usr/lib/gcc/x86_64-linux-gnu/13/include/avxintrin.h
1329 256 256 0 0 53 0 0 11
fe=(1)
64 1024 512 0 1 0 0 1
-7 2813184 1022976 767232
+2 3324672 767232 511488
-1 511488 255744
+6 255744 255744
-6 255744
fi=(68)
1329 255744 255744 0 0 242200 0 0 984
fe=(1)
64 1022976 511488
-6 31488000 15744000 0 0 1
+6 15744000 15744000
-6 15744000
fi=(68)
1329 15744000 15744000 0 0 957859 0 0 61506
fe=(1)
64 78976000 31488000
fi=(57) /usr/lib/gcc/x86_64-linux-gnu/13/include/fmaintrin.h
+1 32000000 32000000 0 0 263856 0 0 16485
fe=(1)
-1 32000000
fi=(57)
+1 96000000 544000000 0 1 992923 0 1 47995
fi=(68)
911 64000000 0 64000000
fe=(1)
64 32000000
fi=(57)
+1 30000000 30000000 0 0 240064 0 0 15000
fe=(1)
-1 30000000
fi=(57)
+1 90000000 510000000 0 0 720066 0 0 45000
fi=(68)
911 60000000 0 60000000
fe=(1)
64 30000000
+17 70000000 18000000 1000000 2 0 0 2
+1 6000000 11000000 1000000 0 16000 0 0 22
-1 4000000 1000000 0 1 0 0 1
-24 96000000 32000000 0 2 0 0 2
-1 2568192 1288192 256000 1 3391 0 1
-5 22528 9728 0 1 3145 0 1
-1 1168 48 272
-2 208 140 0 1 16 0 1
+33 30000000 0 0 1 0 0 1

fn=(0) matmul_improved
47 4 0 1 1 0 1 1 0 1
+1 2 0 1 0 0 1 0 0 1
-1 1 1
+1 4 0 4 1 0 0 1
cob=(4)
cfi=(2)
cfn=(2)
calls=1 -48 
* 56064729 80741600 8246219 281 220504 19126 279 8166 18815

totals: 878001991 1262095046 127698996 444 3441461 19634 440 187260 19174
